typography_spectrum: 0.048453473253175616
color:
  brandStrength: 0.561871794750914
  lightness: 0.3334554035682231
  saturation: 0.26379821985028684
  rhythmicContrast: 0.2965780613012612
layout_spectrum: 0.24957886757329106
name: AscherDenton.com
title: 'Ascher & Denton, Olympia Family Law'
description: We do family law right.
